1 2 3 4 5 6 7 8 9 10 11 12 13 14 15 16 17 18 19 20 21 22 23 24 25 26 27 28 29 30 31 32 33 34 35 36 37 38 39 40 41 42 43 44 45 46 47 48 49 50 51 52 53 54 55 56 57 58 59 60 61 62 63 64 65 66 67 68 69 70 71 72 73 74 75 76 77 78 79 80 81 82 83 84 85 86 87 88 89 90 91 92 93 94 95 96 97 98 99 100 
2 1 3 5 7 9 11 13 15 17 19 21 23 25 27 29 31 33 35 37 39 41 43 45 47 49 51 53 55 57 59 61 63 65 67 69 71 73 75 77 79 81 83 85 87 89 91 93 95 97 99 101 103 105 107 109 111 113 115 117 119 121 123 125 127 129 131 133 135 137 139 141 143 145 147 149 151 153 155 157 159 161 163 165 167 169 171 173 175 177 179 181 183 185 187 189 191 193 195 197 
3 3 1 4 7 10 13 16 19 22 25 28 31 34 37 40 43 46 49 52 55 58 61 64 67 70 73 76 79 82 85 88 91 94 97 100 103 106 109 112 115 118 121 124 127 130 133 136 139 142 145 148 151 154 157 160 163 166 169 172 175 178 181 184 187 190 193 196 199 202 205 208 211 214 217 220 223 226 229 232 235 238 241 244 247 250 253 256 259 262 265 268 271 274 277 280 283 286 289 292 
4 5 4 1 5 9 13 17 21 25 29 33 37 41 45 49 53 57 61 65 69 73 77 81 85 89 93 97 101 105 109 113 117 121 125 129 133 137 141 145 149 153 157 161 165 169 173 177 181 185 189 193 197 201 205 209 213 217 221 225 229 233 237 241 245 249 253 257 261 265 269 273 277 281 285 289 293 297 301 305 309 313 317 321 325 329 333 337 341 345 349 353 357 361 365 369 373 377 381 385 
5 7 7 5 1 6 11 16 21 26 31 36 41 46 51 56 61 66 71 76 81 86 91 96 101 106 111 116 121 126 131 136 141 146 151 156 161 166 171 176 181 186 191 196 201 206 211 216 221 226 231 236 241 246 251 256 261 266 271 276 281 286 291 296 301 306 311 316 321 326 331 336 341 346 351 356 361 366 371 376 381 386 391 396 401 406 411 416 421 426 431 436 441 446 451 456 461 466 471 476 
6 9 10 9 6 1 7 13 19 25 31 37 43 49 55 61 67 73 79 85 91 97 103 109 115 121 127 133 139 145 151 157 163 169 175 181 187 193 199 205 211 217 223 229 235 241 247 253 259 265 271 277 283 289 295 301 307 313 319 325 331 337 343 349 355 361 367 373 379 385 391 397 403 409 415 421 427 433 439 445 451 457 463 469 475 481 487 493 499 505 511 517 523 529 535 541 547 553 559 565 
7 11 13 13 11 7 1 8 15 22 29 36 43 50 57 64 71 78 85 92 99 106 113 120 127 134 141 148 155 162 169 176 183 190 197 204 211 218 225 232 239 246 253 260 267 274 281 288 295 302 309 316 323 330 337 344 351 358 365 372 379 386 393 400 407 414 421 428 435 442 449 456 463 470 477 484 491 498 505 512 519 526 533 540 547 554 561 568 575 582 589 596 603 610 617 624 631 638 645 652 
8 13 16 17 16 13 8 1 9 17 25 33 41 49 57 65 73 81 89 97 105 113 121 129 137 145 153 161 169 177 185 193 201 209 217 225 233 241 249 257 265 273 281 289 297 305 313 321 329 337 345 353 361 369 377 385 393 401 409 417 425 433 441 449 457 465 473 481 489 497 505 513 521 529 537 545 553 561 569 577 585 593 601 609 617 625 633 641 649 657 665 673 681 689 697 705 713 721 729 737 
9 15 19 21 21 19 15 9 1 10 19 28 37 46 55 64 73 82 91 100 109 118 127 136 145 154 163 172 181 190 199 208 217 226 235 244 253 262 271 280 289 298 307 316 325 334 343 352 361 370 379 388 397 406 415 424 433 442 451 460 469 478 487 496 505 514 523 532 541 550 559 568 577 586 595 604 613 622 631 640 649 658 667 676 685 694 703 712 721 730 739 748 757 766 775 784 793 802 811 820 
10 17 22 25 26 25 22 17 10 1 11 21 31 41 51 61 71 81 91 101 111 121 131 141 151 161 171 181 191 201 211 221 231 241 251 261 271 281 291 301 311 321 331 341 351 361 371 381 391 401 411 421 431 441 451 461 471 481 491 501 511 521 531 541 551 561 571 581 591 601 611 621 631 641 651 661 671 681 691 701 711 721 731 741 751 761 771 781 791 801 811 821 831 841 851 861 871 881 891 901 
11 19 25 29 31 31 29 25 19 11 1 12 23 34 45 56 67 78 89 100 111 122 133 144 155 166 177 188 199 210 221 232 243 254 265 276 287 298 309 320 331 342 353 364 375 386 397 408 419 430 441 452 463 474 485 496 507 518 529 540 551 562 573 584 595 606 617 628 639 650 661 672 683 694 705 716 727 738 749 760 771 782 793 804 815 826 837 848 859 870 881 892 903 914 925 936 947 958 969 980 
12 21 28 33 36 37 36 33 28 21 12 1 13 25 37 49 61 73 85 97 109 121 133 145 157 169 181 193 205 217 229 241 253 265 277 289 301 313 325 337 349 361 373 385 397 409 421 433 445 457 469 481 493 505 517 529 541 553 565 577 589 601 613 625 637 649 661 673 685 697 709 721 733 745 757 769 781 793 805 817 829 841 853 865 877 889 901 913 925 937 949 961 973 985 997 1009 1021 1033 1045 1057 
13 23 31 37 41 43 43 41 37 31 23 13 1 14 27 40 53 66 79 92 105 118 131 144 157 170 183 196 209 222 235 248 261 274 287 300 313 326 339 352 365 378 391 404 417 430 443 456 469 482 495 508 521 534 547 560 573 586 599 612 625 638 651 664 677 690 703 716 729 742 755 768 781 794 807 820 833 846 859 872 885 898 911 924 937 950 963 976 989 1002 1015 1028 1041 1054 1067 1080 1093 1106 1119 1132 
14 25 34 41 46 49 50 49 46 41 34 25 14 1 15 29 43 57 71 85 99 113 127 141 155 169 183 197 211 225 239 253 267 281 295 309 323 337 351 365 379 393 407 421 435 449 463 477 491 505 519 533 547 561 575 589 603 617 631 645 659 673 687 701 715 729 743 757 771 785 799 813 827 841 855 869 883 897 911 925 939 953 967 981 995 1009 1023 1037 1051 1065 1079 1093 1107 1121 1135 1149 1163 1177 1191 1205 
15 27 37 45 51 55 57 57 55 51 45 37 27 15 1 16 31 46 61 76 91 106 121 136 151 166 181 196 211 226 241 256 271 286 301 316 331 346 361 376 391 406 421 436 451 466 481 496 511 526 541 556 571 586 601 616 631 646 661 676 691 706 721 736 751 766 781 796 811 826 841 856 871 886 901 916 931 946 961 976 991 1006 1021 1036 1051 1066 1081 1096 1111 1126 1141 1156 1171 1186 1201 1216 1231 1246 1261 1276 
16 29 40 49 56 61 64 65 64 61 56 49 40 29 16 1 17 33 49 65 81 97 113 129 145 161 177 193 209 225 241 257 273 289 305 321 337 353 369 385 401 417 433 449 465 481 497 513 529 545 561 577 593 609 625 641 657 673 689 705 721 737 753 769 785 801 817 833 849 865 881 897 913 929 945 961 977 993 1009 1025 1041 1057 1073 1089 1105 1121 1137 1153 1169 1185 1201 1217 1233 1249 1265 1281 1297 1313 1329 1345 
17 31 43 53 61 67 71 73 73 71 67 61 53 43 31 17 1 18 35 52 69 86 103 120 137 154 171 188 205 222 239 256 273 290 307 324 341 358 375 392 409 426 443 460 477 494 511 528 545 562 579 596 613 630 647 664 681 698 715 732 749 766 783 800 817 834 851 868 885 902 919 936 953 970 987 1004 1021 1038 1055 1072 1089 1106 1123 1140 1157 1174 1191 1208 1225 1242 1259 1276 1293 1310 1327 1344 1361 1378 1395 1412 
18 33 46 57 66 73 78 81 82 81 78 73 66 57 46 33 18 1 19 37 55 73 91 109 127 145 163 181 199 217 235 253 271 289 307 325 343 361 379 397 415 433 451 469 487 505 523 541 559 577 595 613 631 649 667 685 703 721 739 757 775 793 811 829 847 865 883 901 919 937 955 973 991 1009 1027 1045 1063 1081 1099 1117 1135 1153 1171 1189 1207 1225 1243 1261 1279 1297 1315 1333 1351 1369 1387 1405 1423 1441 1459 1477 
19 35 49 61 71 79 85 89 91 91 89 85 79 71 61 49 35 19 1 20 39 58 77 96 115 134 153 172 191 210 229 248 267 286 305 324 343 362 381 400 419 438 457 476 495 514 533 552 571 590 609 628 647 666 685 704 723 742 761 780 799 818 837 856 875 894 913 932 951 970 989 1008 1027 1046 1065 1084 1103 1122 1141 1160 1179 1198 1217 1236 1255 1274 1293 1312 1331 1350 1369 1388 1407 1426 1445 1464 1483 1502 1521 1540 
20 37 52 65 76 85 92 97 100 101 100 97 92 85 76 65 52 37 20 1 21 41 61 81 101 121 141 161 181 201 221 241 261 281 301 321 341 361 381 401 421 441 461 481 501 521 541 561 581 601 621 641 661 681 701 721 741 761 781 801 821 841 861 881 901 921 941 961 981 1001 1021 1041 1061 1081 1101 1121 1141 1161 1181 1201 1221 1241 1261 1281 1301 1321 1341 1361 1381 1401 1421 1441 1461 1481 1501 1521 1541 1561 1581 1601 
21 39 55 69 81 91 99 105 109 111 111 109 105 99 91 81 69 55 39 21 1 22 43 64 85 106 127 148 169 190 211 232 253 274 295 316 337 358 379 400 421 442 463 484 505 526 547 568 589 610 631 652 673 694 715 736 757 778 799 820 841 862 883 904 925 946 967 988 1009 1030 1051 1072 1093 1114 1135 1156 1177 1198 1219 1240 1261 1282 1303 1324 1345 1366 1387 1408 1429 1450 1471 1492 1513 1534 1555 1576 1597 1618 1639 1660 
22 41 58 73 86 97 106 113 118 121 122 121 118 113 106 97 86 73 58 41 22 1 23 45 67 89 111 133 155 177 199 221 243 265 287 309 331 353 375 397 419 441 463 485 507 529 551 573 595 617 639 661 683 705 727 749 771 793 815 837 859 881 903 925 947 969 991 1013 1035 1057 1079 1101 1123 1145 1167 1189 1211 1233 1255 1277 1299 1321 1343 1365 1387 1409 1431 1453 1475 1497 1519 1541 1563 1585 1607 1629 1651 1673 1695 1717 
23 43 61 77 91 103 113 121 127 131 133 133 131 127 121 113 103 91 77 61 43 23 1 24 47 70 93 116 139 162 185 208 231 254 277 300 323 346 369 392 415 438 461 484 507 530 553 576 599 622 645 668 691 714 737 760 783 806 829 852 875 898 921 944 967 990 1013 1036 1059 1082 1105 1128 1151 1174 1197 1220 1243 1266 1289 1312 1335 1358 1381 1404 1427 1450 1473 1496 1519 1542 1565 1588 1611 1634 1657 1680 1703 1726 1749 1772 
24 45 64 81 96 109 120 129 136 141 144 145 144 141 136 129 120 109 96 81 64 45 24 1 25 49 73 97 121 145 169 193 217 241 265 289 313 337 361 385 409 433 457 481 505 529 553 577 601 625 649 673 697 721 745 769 793 817 841 865 889 913 937 961 985 1009 1033 1057 1081 1105 1129 1153 1177 1201 1225 1249 1273 1297 1321 1345 1369 1393 1417 1441 1465 1489 1513 1537 1561 1585 1609 1633 1657 1681 1705 1729 1753 1777 1801 1825 
25 47 67 85 101 115 127 137 145 151 155 157 157 155 151 145 137 127 115 101 85 67 47 25 1 26 51 76 101 126 151 176 201 226 251 276 301 326 351 376 401 426 451 476 501 526 551 576 601 626 651 676 701 726 751 776 801 826 851 876 901 926 951 976 1001 1026 1051 1076 1101 1126 1151 1176 1201 1226 1251 1276 1301 1326 1351 1376 1401 1426 1451 1476 1501 1526 1551 1576 1601 1626 1651 1676 1701 1726 1751 1776 1801 1826 1851 1876 
26 49 70 89 106 121 134 145 154 161 166 169 170 169 166 161 154 145 134 121 106 89 70 49 26 1 27 53 79 105 131 157 183 209 235 261 287 313 339 365 391 417 443 469 495 521 547 573 599 625 651 677 703 729 755 781 807 833 859 885 911 937 963 989 1015 1041 1067 1093 1119 1145 1171 1197 1223 1249 1275 1301 1327 1353 1379 1405 1431 1457 1483 1509 1535 1561 1587 1613 1639 1665 1691 1717 1743 1769 1795 1821 1847 1873 1899 1925 
27 51 73 93 111 127 141 153 163 171 177 181 183 183 181 177 171 163 153 141 127 111 93 73 51 27 1 28 55 82 109 136 163 190 217 244 271 298 325 352 379 406 433 460 487 514 541 568 595 622 649 676 703 730 757 784 811 838 865 892 919 946 973 1000 1027 1054 1081 1108 1135 1162 1189 1216 1243 1270 1297 1324 1351 1378 1405 1432 1459 1486 1513 1540 1567 1594 1621 1648 1675 1702 1729 1756 1783 1810 1837 1864 1891 1918 1945 1972 
28 53 76 97 116 133 148 161 172 181 188 193 196 197 196 193 188 181 172 161 148 133 116 97 76 53 28 1 29 57 85 113 141 169 197 225 253 281 309 337 365 393 421 449 477 505 533 561 589 617 645 673 701 729 757 785 813 841 869 897 925 953 981 1009 1037 1065 1093 1121 1149 1177 1205 1233 1261 1289 1317 1345 1373 1401 1429 1457 1485 1513 1541 1569 1597 1625 1653 1681 1709 1737 1765 1793 1821 1849 1877 1905 1933 1961 1989 2017 
29 55 79 101 121 139 155 169 181 191 199 205 209 211 211 209 205 199 191 181 169 155 139 121 101 79 55 29 1 30 59 88 117 146 175 204 233 262 291 320 349 378 407 436 465 494 523 552 581 610 639 668 697 726 755 784 813 842 871 900 929 958 987 1016 1045 1074 1103 1132 1161 1190 1219 1248 1277 1306 1335 1364 1393 1422 1451 1480 1509 1538 1567 1596 1625 1654 1683 1712 1741 1770 1799 1828 1857 1886 1915 1944 1973 2002 2031 2060 
30 57 82 105 126 145 162 177 190 201 210 217 222 225 226 225 222 217 210 201 190 177 162 145 126 105 82 57 30 1 31 61 91 121 151 181 211 241 271 301 331 361 391 421 451 481 511 541 571 601 631 661 691 721 751 781 811 841 871 901 931 961 991 1021 1051 1081 1111 1141 1171 1201 1231 1261 1291 1321 1351 1381 1411 1441 1471 1501 1531 1561 1591 1621 1651 1681 1711 1741 1771 1801 1831 1861 1891 1921 1951 1981 2011 2041 2071 2101 
31 59 85 109 131 151 169 185 199 211 221 229 235 239 241 241 239 235 229 221 211 199 185 169 151 131 109 85 59 31 1 32 63 94 125 156 187 218 249 280 311 342 373 404 435 466 497 528 559 590 621 652 683 714 745 776 807 838 869 900 931 962 993 1024 1055 1086 1117 1148 1179 1210 1241 1272 1303 1334 1365 1396 1427 1458 1489 1520 1551 1582 1613 1644 1675 1706 1737 1768 1799 1830 1861 1892 1923 1954 1985 2016 2047 2078 2109 2140 
32 61 88 113 136 157 176 193 208 221 232 241 248 253 256 257 256 253 248 241 232 221 208 193 176 157 136 113 88 61 32 1 33 65 97 129 161 193 225 257 289 321 353 385 417 449 481 513 545 577 609 641 673 705 737 769 801 833 865 897 929 961 993 1025 1057 1089 1121 1153 1185 1217 1249 1281 1313 1345 1377 1409 1441 1473 1505 1537 1569 1601 1633 1665 1697 1729 1761 1793 1825 1857 1889 1921 1953 1985 2017 2049 2081 2113 2145 2177 
33 63 91 117 141 163 183 201 217 231 243 253 261 267 271 273 273 271 267 261 253 243 231 217 201 183 163 141 117 91 63 33 1 34 67 100 133 166 199 232 265 298 331 364 397 430 463 496 529 562 595 628 661 694 727 760 793 826 859 892 925 958 991 1024 1057 1090 1123 1156 1189 1222 1255 1288 1321 1354 1387 1420 1453 1486 1519 1552 1585 1618 1651 1684 1717 1750 1783 1816 1849 1882 1915 1948 1981 2014 2047 2080 2113 2146 2179 2212 
34 65 94 121 146 169 190 209 226 241 254 265 274 281 286 289 290 289 286 281 274 265 254 241 226 209 190 169 146 121 94 65 34 1 35 69 103 137 171 205 239 273 307 341 375 409 443 477 511 545 579 613 647 681 715 749 783 817 851 885 919 953 987 1021 1055 1089 1123 1157 1191 1225 1259 1293 1327 1361 1395 1429 1463 1497 1531 1565 1599 1633 1667 1701 1735 1769 1803 1837 1871 1905 1939 1973 2007 2041 2075 2109 2143 2177 2211 2245 
35 67 97 125 151 175 197 217 235 251 265 277 287 295 301 305 307 307 305 301 295 287 277 265 251 235 217 197 175 151 125 97 67 35 1 36 71 106 141 176 211 246 281 316 351 386 421 456 491 526 561 596 631 666 701 736 771 806 841 876 911 946 981 1016 1051 1086 1121 1156 1191 1226 1261 1296 1331 1366 1401 1436 1471 1506 1541 1576 1611 1646 1681 1716 1751 1786 1821 1856 1891 1926 1961 1996 2031 2066 2101 2136 2171 2206 2241 2276 
36 69 100 129 156 181 204 225 244 261 276 289 300 309 316 321 324 325 324 321 316 309 300 289 276 261 244 225 204 181 156 129 100 69 36 1 37 73 109 145 181 217 253 289 325 361 397 433 469 505 541 577 613 649 685 721 757 793 829 865 901 937 973 1009 1045 1081 1117 1153 1189 1225 1261 1297 1333 1369 1405 1441 1477 1513 1549 1585 1621 1657 1693 1729 1765 1801 1837 1873 1909 1945 1981 2017 2053 2089 2125 2161 2197 2233 2269 2305 
37 71 103 133 161 187 211 233 253 271 287 301 313 323 331 337 341 343 343 341 337 331 323 313 301 287 271 253 233 211 187 161 133 103 71 37 1 38 75 112 149 186 223 260 297 334 371 408 445 482 519 556 593 630 667 704 741 778 815 852 889 926 963 1000 1037 1074 1111 1148 1185 1222 1259 1296 1333 1370 1407 1444 1481 1518 1555 1592 1629 1666 1703 1740 1777 1814 1851 1888 1925 1962 1999 2036 2073 2110 2147 2184 2221 2258 2295 2332 
38 73 106 137 166 193 218 241 262 281 298 313 326 337 346 353 358 361 362 361 358 353 346 337 326 313 298 281 262 241 218 193 166 137 106 73 38 1 39 77 115 153 191 229 267 305 343 381 419 457 495 533 571 609 647 685 723 761 799 837 875 913 951 989 1027 1065 1103 1141 1179 1217 1255 1293 1331 1369 1407 1445 1483 1521 1559 1597 1635 1673 1711 1749 1787 1825 1863 1901 1939 1977 2015 2053 2091 2129 2167 2205 2243 2281 2319 2357 
39 75 109 141 171 199 225 249 271 291 309 325 339 351 361 369 375 379 381 381 379 375 369 361 351 339 325 309 291 271 249 225 199 171 141 109 75 39 1 40 79 118 157 196 235 274 313 352 391 430 469 508 547 586 625 664 703 742 781 820 859 898 937 976 1015 1054 1093 1132 1171 1210 1249 1288 1327 1366 1405 1444 1483 1522 1561 1600 1639 1678 1717 1756 1795 1834 1873 1912 1951 1990 2029 2068 2107 2146 2185 2224 2263 2302 2341 2380 
40 77 112 145 176 205 232 257 280 301 320 337 352 365 376 385 392 397 400 401 400 397 392 385 376 365 352 337 320 301 280 257 232 205 176 145 112 77 40 1 41 81 121 161 201 241 281 321 361 401 441 481 521 561 601 641 681 721 761 801 841 881 921 961 1001 1041 1081 1121 1161 1201 1241 1281 1321 1361 1401 1441 1481 1521 1561 1601 1641 1681 1721 1761 1801 1841 1881 1921 1961 2001 2041 2081 2121 2161 2201 2241 2281 2321 2361 2401 
41 79 115 149 181 211 239 265 289 311 331 349 365 379 391 401 409 415 419 421 421 419 415 409 401 391 379 365 349 331 311 289 265 239 211 181 149 115 79 41 1 42 83 124 165 206 247 288 329 370 411 452 493 534 575 616 657 698 739 780 821 862 903 944 985 1026 1067 1108 1149 1190 1231 1272 1313 1354 1395 1436 1477 1518 1559 1600 1641 1682 1723 1764 1805 1846 1887 1928 1969 2010 2051 2092 2133 2174 2215 2256 2297 2338 2379 2420 
42 81 118 153 186 217 246 273 298 321 342 361 378 393 406 417 426 433 438 441 442 441 438 433 426 417 406 393 378 361 342 321 298 273 246 217 186 153 118 81 42 1 43 85 127 169 211 253 295 337 379 421 463 505 547 589 631 673 715 757 799 841 883 925 967 1009 1051 1093 1135 1177 1219 1261 1303 1345 1387 1429 1471 1513 1555 1597 1639 1681 1723 1765 1807 1849 1891 1933 1975 2017 2059 2101 2143 2185 2227 2269 2311 2353 2395 2437 
43 83 121 157 191 223 253 281 307 331 353 373 391 407 421 433 443 451 457 461 463 463 461 457 451 443 433 421 407 391 373 353 331 307 281 253 223 191 157 121 83 43 1 44 87 130 173 216 259 302 345 388 431 474 517 560 603 646 689 732 775 818 861 904 947 990 1033 1076 1119 1162 1205 1248 1291 1334 1377 1420 1463 1506 1549 1592 1635 1678 1721 1764 1807 1850 1893 1936 1979 2022 2065 2108 2151 2194 2237 2280 2323 2366 2409 2452 
44 85 124 161 196 229 260 289 316 341 364 385 404 421 436 449 460 469 476 481 484 485 484 481 476 469 460 449 436 421 404 385 364 341 316 289 260 229 196 161 124 85 44 1 45 89 133 177 221 265 309 353 397 441 485 529 573 617 661 705 749 793 837 881 925 969 1013 1057 1101 1145 1189 1233 1277 1321 1365 1409 1453 1497 1541 1585 1629 1673 1717 1761 1805 1849 1893 1937 1981 2025 2069 2113 2157 2201 2245 2289 2333 2377 2421 2465 
45 87 127 165 201 235 267 297 325 351 375 397 417 435 451 465 477 487 495 501 505 507 507 505 501 495 487 477 465 451 435 417 397 375 351 325 297 267 235 201 165 127 87 45 1 46 91 136 181 226 271 316 361 406 451 496 541 586 631 676 721 766 811 856 901 946 991 1036 1081 1126 1171 1216 1261 1306 1351 1396 1441 1486 1531 1576 1621 1666 1711 1756 1801 1846 1891 1936 1981 2026 2071 2116 2161 2206 2251 2296 2341 2386 2431 2476 
46 89 130 169 206 241 274 305 334 361 386 409 430 449 466 481 494 505 514 521 526 529 530 529 526 521 514 505 494 481 466 449 430 409 386 361 334 305 274 241 206 169 130 89 46 1 47 93 139 185 231 277 323 369 415 461 507 553 599 645 691 737 783 829 875 921 967 1013 1059 1105 1151 1197 1243 1289 1335 1381 1427 1473 1519 1565 1611 1657 1703 1749 1795 1841 1887 1933 1979 2025 2071 2117 2163 2209 2255 2301 2347 2393 2439 2485 
47 91 133 173 211 247 281 313 343 371 397 421 443 463 481 497 511 523 533 541 547 551 553 553 551 547 541 533 523 511 497 481 463 443 421 397 371 343 313 281 247 211 173 133 91 47 1 48 95 142 189 236 283 330 377 424 471 518 565 612 659 706 753 800 847 894 941 988 1035 1082 1129 1176 1223 1270 1317 1364 1411 1458 1505 1552 1599 1646 1693 1740 1787 1834 1881 1928 1975 2022 2069 2116 2163 2210 2257 2304 2351 2398 2445 2492 
48 93 136 177 216 253 288 321 352 381 408 433 456 477 496 513 528 541 552 561 568 573 576 577 576 573 568 561 552 541 528 513 496 477 456 433 408 381 352 321 288 253 216 177 136 93 48 1 49 97 145 193 241 289 337 385 433 481 529 577 625 673 721 769 817 865 913 961 1009 1057 1105 1153 1201 1249 1297 1345 1393 1441 1489 1537 1585 1633 1681 1729 1777 1825 1873 1921 1969 2017 2065 2113 2161 2209 2257 2305 2353 2401 2449 2497 
49 95 139 181 221 259 295 329 361 391 419 445 469 491 511 529 545 559 571 581 589 595 599 601 601 599 595 589 581 571 559 545 529 511 491 469 445 419 391 361 329 295 259 221 181 139 95 49 1 50 99 148 197 246 295 344 393 442 491 540 589 638 687 736 785 834 883 932 981 1030 1079 1128 1177 1226 1275 1324 1373 1422 1471 1520 1569 1618 1667 1716 1765 1814 1863 1912 1961 2010 2059 2108 2157 2206 2255 2304 2353 2402 2451 2500 
50 97 142 185 226 265 302 337 370 401 430 457 482 505 526 545 562 577 590 601 610 617 622 625 626 625 622 617 610 601 590 577 562 545 526 505 482 457 430 401 370 337 302 265 226 185 142 97 50 1 51 101 151 201 251 301 351 401 451 501 551 601 651 701 751 801 851 901 951 1001 1051 1101 1151 1201 1251 1301 1351 1401 1451 1501 1551 1601 1651 1701 1751 1801 1851 1901 1951 2001 2051 2101 2151 2201 2251 2301 2351 2401 2451 2501 
51 99 145 189 231 271 309 345 379 411 441 469 495 519 541 561 579 595 609 621 631 639 645 649 651 651 649 645 639 631 621 609 595 579 561 541 519 495 469 441 411 379 345 309 271 231 189 145 99 51 1 52 103 154 205 256 307 358 409 460 511 562 613 664 715 766 817 868 919 970 1021 1072 1123 1174 1225 1276 1327 1378 1429 1480 1531 1582 1633 1684 1735 1786 1837 1888 1939 1990 2041 2092 2143 2194 2245 2296 2347 2398 2449 2500 
52 101 148 193 236 277 316 353 388 421 452 481 508 533 556 577 596 613 628 641 652 661 668 673 676 677 676 673 668 661 652 641 628 613 596 577 556 533 508 481 452 421 388 353 316 277 236 193 148 101 52 1 53 105 157 209 261 313 365 417 469 521 573 625 677 729 781 833 885 937 989 1041 1093 1145 1197 1249 1301 1353 1405 1457 1509 1561 1613 1665 1717 1769 1821 1873 1925 1977 2029 2081 2133 2185 2237 2289 2341 2393 2445 2497 
53 103 151 197 241 283 323 361 397 431 463 493 521 547 571 593 613 631 647 661 673 683 691 697 701 703 703 701 697 691 683 673 661 647 631 613 593 571 547 521 493 463 431 397 361 323 283 241 197 151 103 53 1 54 107 160 213 266 319 372 425 478 531 584 637 690 743 796 849 902 955 1008 1061 1114 1167 1220 1273 1326 1379 1432 1485 1538 1591 1644 1697 1750 1803 1856 1909 1962 2015 2068 2121 2174 2227 2280 2333 2386 2439 2492 
54 105 154 201 246 289 330 369 406 441 474 505 534 561 586 609 630 649 666 681 694 705 714 721 726 729 730 729 726 721 714 705 694 681 666 649 630 609 586 561 534 505 474 441 406 369 330 289 246 201 154 105 54 1 55 109 163 217 271 325 379 433 487 541 595 649 703 757 811 865 919 973 1027 1081 1135 1189 1243 1297 1351 1405 1459 1513 1567 1621 1675 1729 1783 1837 1891 1945 1999 2053 2107 2161 2215 2269 2323 2377 2431 2485 
55 107 157 205 251 295 337 377 415 451 485 517 547 575 601 625 647 667 685 701 715 727 737 745 751 755 757 757 755 751 745 737 727 715 701 685 667 647 625 601 575 547 517 485 451 415 377 337 295 251 205 157 107 55 1 56 111 166 221 276 331 386 441 496 551 606 661 716 771 826 881 936 991 1046 1101 1156 1211 1266 1321 1376 1431 1486 1541 1596 1651 1706 1761 1816 1871 1926 1981 2036 2091 2146 2201 2256 2311 2366 2421 2476 
56 109 160 209 256 301 344 385 424 461 496 529 560 589 616 641 664 685 704 721 736 749 760 769 776 781 784 785 784 781 776 769 760 749 736 721 704 685 664 641 616 589 560 529 496 461 424 385 344 301 256 209 160 109 56 1 57 113 169 225 281 337 393 449 505 561 617 673 729 785 841 897 953 1009 1065 1121 1177 1233 1289 1345 1401 1457 1513 1569 1625 1681 1737 1793 1849 1905 1961 2017 2073 2129 2185 2241 2297 2353 2409 2465 
57 111 163 213 261 307 351 393 433 471 507 541 573 603 631 657 681 703 723 741 757 771 783 793 801 807 811 813 813 811 807 801 793 783 771 757 741 723 703 681 657 631 603 573 541 507 471 433 393 351 307 261 213 163 111 57 1 58 115 172 229 286 343 400 457 514 571 628 685 742 799 856 913 970 1027 1084 1141 1198 1255 1312 1369 1426 1483 1540 1597 1654 1711 1768 1825 1882 1939 1996 2053 2110 2167 2224 2281 2338 2395 2452 
58 113 166 217 266 313 358 401 442 481 518 553 586 617 646 673 698 721 742 761 778 793 806 817 826 833 838 841 842 841 838 833 826 817 806 793 778 761 742 721 698 673 646 617 586 553 518 481 442 401 358 313 266 217 166 113 58 1 59 117 175 233 291 349 407 465 523 581 639 697 755 813 871 929 987 1045 1103 1161 1219 1277 1335 1393 1451 1509 1567 1625 1683 1741 1799 1857 1915 1973 2031 2089 2147 2205 2263 2321 2379 2437 
59 115 169 221 271 319 365 409 451 491 529 565 599 631 661 689 715 739 761 781 799 815 829 841 851 859 865 869 871 871 869 865 859 851 841 829 815 799 781 761 739 715 689 661 631 599 565 529 491 451 409 365 319 271 221 169 115 59 1 60 119 178 237 296 355 414 473 532 591 650 709 768 827 886 945 1004 1063 1122 1181 1240 1299 1358 1417 1476 1535 1594 1653 1712 1771 1830 1889 1948 2007 2066 2125 2184 2243 2302 2361 2420 
60 117 172 225 276 325 372 417 460 501 540 577 612 645 676 705 732 757 780 801 820 837 852 865 876 885 892 897 900 901 900 897 892 885 876 865 852 837 820 801 780 757 732 705 676 645 612 577 540 501 460 417 372 325 276 225 172 117 60 1 61 121 181 241 301 361 421 481 541 601 661 721 781 841 901 961 1021 1081 1141 1201 1261 1321 1381 1441 1501 1561 1621 1681 1741 1801 1861 1921 1981 2041 2101 2161 2221 2281 2341 2401 
61 119 175 229 281 331 379 425 469 511 551 589 625 659 691 721 749 775 799 821 841 859 875 889 901 911 919 925 929 931 931 929 925 919 911 901 889 875 859 841 821 799 775 749 721 691 659 625 589 551 511 469 425 379 331 281 229 175 119 61 1 62 123 184 245 306 367 428 489 550 611 672 733 794 855 916 977 1038 1099 1160 1221 1282 1343 1404 1465 1526 1587 1648 1709 1770 1831 1892 1953 2014 2075 2136 2197 2258 2319 2380 
62 121 178 233 286 337 386 433 478 521 562 601 638 673 706 737 766 793 818 841 862 881 898 913 926 937 946 953 958 961 962 961 958 953 946 937 926 913 898 881 862 841 818 793 766 737 706 673 638 601 562 521 478 433 386 337 286 233 178 121 62 1 63 125 187 249 311 373 435 497 559 621 683 745 807 869 931 993 1055 1117 1179 1241 1303 1365 1427 1489 1551 1613 1675 1737 1799 1861 1923 1985 2047 2109 2171 2233 2295 2357 
63 123 181 237 291 343 393 441 487 531 573 613 651 687 721 753 783 811 837 861 883 903 921 937 951 963 973 981 987 991 993 993 991 987 981 973 963 951 937 921 903 883 861 837 811 783 753 721 687 651 613 573 531 487 441 393 343 291 237 181 123 63 1 64 127 190 253 316 379 442 505 568 631 694 757 820 883 946 1009 1072 1135 1198 1261 1324 1387 1450 1513 1576 1639 1702 1765 1828 1891 1954 2017 2080 2143 2206 2269 2332 
64 125 184 241 296 349 400 449 496 541 584 625 664 701 736 769 800 829 856 881 904 925 944 961 976 989 1000 1009 1016 1021 1024 1025 1024 1021 1016 1009 1000 989 976 961 944 925 904 881 856 829 800 769 736 701 664 625 584 541 496 449 400 349 296 241 184 125 64 1 65 129 193 257 321 385 449 513 577 641 705 769 833 897 961 1025 1089 1153 1217 1281 1345 1409 1473 1537 1601 1665 1729 1793 1857 1921 1985 2049 2113 2177 2241 2305 
65 127 187 245 301 355 407 457 505 551 595 637 677 715 751 785 817 847 875 901 925 947 967 985 1001 1015 1027 1037 1045 1051 1055 1057 1057 1055 1051 1045 1037 1027 1015 1001 985 967 947 925 901 875 847 817 785 751 715 677 637 595 551 505 457 407 355 301 245 187 127 65 1 66 131 196 261 326 391 456 521 586 651 716 781 846 911 976 1041 1106 1171 1236 1301 1366 1431 1496 1561 1626 1691 1756 1821 1886 1951 2016 2081 2146 2211 2276 
66 129 190 249 306 361 414 465 514 561 606 649 690 729 766 801 834 865 894 921 946 969 990 1009 1026 1041 1054 1065 1074 1081 1086 1089 1090 1089 1086 1081 1074 1065 1054 1041 1026 1009 990 969 946 921 894 865 834 801 766 729 690 649 606 561 514 465 414 361 306 249 190 129 66 1 67 133 199 265 331 397 463 529 595 661 727 793 859 925 991 1057 1123 1189 1255 1321 1387 1453 1519 1585 1651 1717 1783 1849 1915 1981 2047 2113 2179 2245 
67 131 193 253 311 367 421 473 523 571 617 661 703 743 781 817 851 883 913 941 967 991 1013 1033 1051 1067 1081 1093 1103 1111 1117 1121 1123 1123 1121 1117 1111 1103 1093 1081 1067 1051 1033 1013 991 967 941 913 883 851 817 781 743 703 661 617 571 523 473 421 367 311 253 193 131 67 1 68 135 202 269 336 403 470 537 604 671 738 805 872 939 1006 1073 1140 1207 1274 1341 1408 1475 1542 1609 1676 1743 1810 1877 1944 2011 2078 2145 2212 
68 133 196 257 316 373 428 481 532 581 628 673 716 757 796 833 868 901 932 961 988 1013 1036 1057 1076 1093 1108 1121 1132 1141 1148 1153 1156 1157 1156 1153 1148 1141 1132 1121 1108 1093 1076 1057 1036 1013 988 961 932 901 868 833 796 757 716 673 628 581 532 481 428 373 316 257 196 133 68 1 69 137 205 273 341 409 477 545 613 681 749 817 885 953 1021 1089 1157 1225 1293 1361 1429 1497 1565 1633 1701 1769 1837 1905 1973 2041 2109 2177 
69 135 199 261 321 379 435 489 541 591 639 685 729 771 811 849 885 919 951 981 1009 1035 1059 1081 1101 1119 1135 1149 1161 1171 1179 1185 1189 1191 1191 1189 1185 1179 1171 1161 1149 1135 1119 1101 1081 1059 1035 1009 981 951 919 885 849 811 771 729 685 639 591 541 489 435 379 321 261 199 135 69 1 70 139 208 277 346 415 484 553 622 691 760 829 898 967 1036 1105 1174 1243 1312 1381 1450 1519 1588 1657 1726 1795 1864 1933 2002 2071 2140 
70 137 202 265 326 385 442 497 550 601 650 697 742 785 826 865 902 937 970 1001 1030 1057 1082 1105 1126 1145 1162 1177 1190 1201 1210 1217 1222 1225 1226 1225 1222 1217 1210 1201 1190 1177 1162 1145 1126 1105 1082 1057 1030 1001 970 937 902 865 826 785 742 697 650 601 550 497 442 385 326 265 202 137 70 1 71 141 211 281 351 421 491 561 631 701 771 841 911 981 1051 1121 1191 1261 1331 1401 1471 1541 1611 1681 1751 1821 1891 1961 2031 2101 
71 139 205 269 331 391 449 505 559 611 661 709 755 799 841 881 919 955 989 1021 1051 1079 1105 1129 1151 1171 1189 1205 1219 1231 1241 1249 1255 1259 1261 1261 1259 1255 1249 1241 1231 1219 1205 1189 1171 1151 1129 1105 1079 1051 1021 989 955 919 881 841 799 755 709 661 611 559 505 449 391 331 269 205 139 71 1 72 143 214 285 356 427 498 569 640 711 782 853 924 995 1066 1137 1208 1279 1350 1421 1492 1563 1634 1705 1776 1847 1918 1989 2060 
72 141 208 273 336 397 456 513 568 621 672 721 768 813 856 897 936 973 1008 1041 1072 1101 1128 1153 1176 1197 1216 1233 1248 1261 1272 1281 1288 1293 1296 1297 1296 1293 1288 1281 1272 1261 1248 1233 1216 1197 1176 1153 1128 1101 1072 1041 1008 973 936 897 856 813 768 721 672 621 568 513 456 397 336 273 208 141 72 1 73 145 217 289 361 433 505 577 649 721 793 865 937 1009 1081 1153 1225 1297 1369 1441 1513 1585 1657 1729 1801 1873 1945 2017 
73 143 211 277 341 403 463 521 577 631 683 733 781 827 871 913 953 991 1027 1061 1093 1123 1151 1177 1201 1223 1243 1261 1277 1291 1303 1313 1321 1327 1331 1333 1333 1331 1327 1321 1313 1303 1291 1277 1261 1243 1223 1201 1177 1151 1123 1093 1061 1027 991 953 913 871 827 781 733 683 631 577 521 463 403 341 277 211 143 73 1 74 147 220 293 366 439 512 585 658 731 804 877 950 1023 1096 1169 1242 1315 1388 1461 1534 1607 1680 1753 1826 1899 1972 
74 145 214 281 346 409 470 529 586 641 694 745 794 841 886 929 970 1009 1046 1081 1114 1145 1174 1201 1226 1249 1270 1289 1306 1321 1334 1345 1354 1361 1366 1369 1370 1369 1366 1361 1354 1345 1334 1321 1306 1289 1270 1249 1226 1201 1174 1145 1114 1081 1046 1009 970 929 886 841 794 745 694 641 586 529 470 409 346 281 214 145 74 1 75 149 223 297 371 445 519 593 667 741 815 889 963 1037 1111 1185 1259 1333 1407 1481 1555 1629 1703 1777 1851 1925 
75 147 217 285 351 415 477 537 595 651 705 757 807 855 901 945 987 1027 1065 1101 1135 1167 1197 1225 1251 1275 1297 1317 1335 1351 1365 1377 1387 1395 1401 1405 1407 1407 1405 1401 1395 1387 1377 1365 1351 1335 1317 1297 1275 1251 1225 1197 1167 1135 1101 1065 1027 987 945 901 855 807 757 705 651 595 537 477 415 351 285 217 147 75 1 76 151 226 301 376 451 526 601 676 751 826 901 976 1051 1126 1201 1276 1351 1426 1501 1576 1651 1726 1801 1876 
76 149 220 289 356 421 484 545 604 661 716 769 820 869 916 961 1004 1045 1084 1121 1156 1189 1220 1249 1276 1301 1324 1345 1364 1381 1396 1409 1420 1429 1436 1441 1444 1445 1444 1441 1436 1429 1420 1409 1396 1381 1364 1345 1324 1301 1276 1249 1220 1189 1156 1121 1084 1045 1004 961 916 869 820 769 716 661 604 545 484 421 356 289 220 149 76 1 77 153 229 305 381 457 533 609 685 761 837 913 989 1065 1141 1217 1293 1369 1445 1521 1597 1673 1749 1825 
77 151 223 293 361 427 491 553 613 671 727 781 833 883 931 977 1021 1063 1103 1141 1177 1211 1243 1273 1301 1327 1351 1373 1393 1411 1427 1441 1453 1463 1471 1477 1481 1483 1483 1481 1477 1471 1463 1453 1441 1427 1411 1393 1373 1351 1327 1301 1273 1243 1211 1177 1141 1103 1063 1021 977 931 883 833 781 727 671 613 553 491 427 361 293 223 151 77 1 78 155 232 309 386 463 540 617 694 771 848 925 1002 1079 1156 1233 1310 1387 1464 1541 1618 1695 1772 
78 153 226 297 366 433 498 561 622 681 738 793 846 897 946 993 1038 1081 1122 1161 1198 1233 1266 1297 1326 1353 1378 1401 1422 1441 1458 1473 1486 1497 1506 1513 1518 1521 1522 1521 1518 1513 1506 1497 1486 1473 1458 1441 1422 1401 1378 1353 1326 1297 1266 1233 1198 1161 1122 1081 1038 993 946 897 846 793 738 681 622 561 498 433 366 297 226 153 78 1 79 157 235 313 391 469 547 625 703 781 859 937 1015 1093 1171 1249 1327 1405 1483 1561 1639 1717 
79 155 229 301 371 439 505 569 631 691 749 805 859 911 961 1009 1055 1099 1141 1181 1219 1255 1289 1321 1351 1379 1405 1429 1451 1471 1489 1505 1519 1531 1541 1549 1555 1559 1561 1561 1559 1555 1549 1541 1531 1519 1505 1489 1471 1451 1429 1405 1379 1351 1321 1289 1255 1219 1181 1141 1099 1055 1009 961 911 859 805 749 691 631 569 505 439 371 301 229 155 79 1 80 159 238 317 396 475 554 633 712 791 870 949 1028 1107 1186 1265 1344 1423 1502 1581 1660 
80 157 232 305 376 445 512 577 640 701 760 817 872 925 976 1025 1072 1117 1160 1201 1240 1277 1312 1345 1376 1405 1432 1457 1480 1501 1520 1537 1552 1565 1576 1585 1592 1597 1600 1601 1600 1597 1592 1585 1576 1565 1552 1537 1520 1501 1480 1457 1432 1405 1376 1345 1312 1277 1240 1201 1160 1117 1072 1025 976 925 872 817 760 701 640 577 512 445 376 305 232 157 80 1 81 161 241 321 401 481 561 641 721 801 881 961 1041 1121 1201 1281 1361 1441 1521 1601 
81 159 235 309 381 451 519 585 649 711 771 829 885 939 991 1041 1089 1135 1179 1221 1261 1299 1335 1369 1401 1431 1459 1485 1509 1531 1551 1569 1585 1599 1611 1621 1629 1635 1639 1641 1641 1639 1635 1629 1621 1611 1599 1585 1569 1551 1531 1509 1485 1459 1431 1401 1369 1335 1299 1261 1221 1179 1135 1089 1041 991 939 885 829 771 711 649 585 519 451 381 309 235 159 81 1 82 163 244 325 406 487 568 649 730 811 892 973 1054 1135 1216 1297 1378 1459 1540 
82 161 238 313 386 457 526 593 658 721 782 841 898 953 1006 1057 1106 1153 1198 1241 1282 1321 1358 1393 1426 1457 1486 1513 1538 1561 1582 1601 1618 1633 1646 1657 1666 1673 1678 1681 1682 1681 1678 1673 1666 1657 1646 1633 1618 1601 1582 1561 1538 1513 1486 1457 1426 1393 1358 1321 1282 1241 1198 1153 1106 1057 1006 953 898 841 782 721 658 593 526 457 386 313 238 161 82 1 83 165 247 329 411 493 575 657 739 821 903 985 1067 1149 1231 1313 1395 1477 
83 163 241 317 391 463 533 601 667 731 793 853 911 967 1021 1073 1123 1171 1217 1261 1303 1343 1381 1417 1451 1483 1513 1541 1567 1591 1613 1633 1651 1667 1681 1693 1703 1711 1717 1721 1723 1723 1721 1717 1711 1703 1693 1681 1667 1651 1633 1613 1591 1567 1541 1513 1483 1451 1417 1381 1343 1303 1261 1217 1171 1123 1073 1021 967 911 853 793 731 667 601 533 463 391 317 241 163 83 1 84 167 250 333 416 499 582 665 748 831 914 997 1080 1163 1246 1329 1412 
84 165 244 321 396 469 540 609 676 741 804 865 924 981 1036 1089 1140 1189 1236 1281 1324 1365 1404 1441 1476 1509 1540 1569 1596 1621 1644 1665 1684 1701 1716 1729 1740 1749 1756 1761 1764 1765 1764 1761 1756 1749 1740 1729 1716 1701 1684 1665 1644 1621 1596 1569 1540 1509 1476 1441 1404 1365 1324 1281 1236 1189 1140 1089 1036 981 924 865 804 741 676 609 540 469 396 321 244 165 84 1 85 169 253 337 421 505 589 673 757 841 925 1009 1093 1177 1261 1345 
85 167 247 325 401 475 547 617 685 751 815 877 937 995 1051 1105 1157 1207 1255 1301 1345 1387 1427 1465 1501 1535 1567 1597 1625 1651 1675 1697 1717 1735 1751 1765 1777 1787 1795 1801 1805 1807 1807 1805 1801 1795 1787 1777 1765 1751 1735 1717 1697 1675 1651 1625 1597 1567 1535 1501 1465 1427 1387 1345 1301 1255 1207 1157 1105 1051 995 937 877 815 751 685 617 547 475 401 325 247 167 85 1 86 171 256 341 426 511 596 681 766 851 936 1021 1106 1191 1276 
86 169 250 329 406 481 554 625 694 761 826 889 950 1009 1066 1121 1174 1225 1274 1321 1366 1409 1450 1489 1526 1561 1594 1625 1654 1681 1706 1729 1750 1769 1786 1801 1814 1825 1834 1841 1846 1849 1850 1849 1846 1841 1834 1825 1814 1801 1786 1769 1750 1729 1706 1681 1654 1625 1594 1561 1526 1489 1450 1409 1366 1321 1274 1225 1174 1121 1066 1009 950 889 826 761 694 625 554 481 406 329 250 169 86 1 87 173 259 345 431 517 603 689 775 861 947 1033 1119 1205 
87 171 253 333 411 487 561 633 703 771 837 901 963 1023 1081 1137 1191 1243 1293 1341 1387 1431 1473 1513 1551 1587 1621 1653 1683 1711 1737 1761 1783 1803 1821 1837 1851 1863 1873 1881 1887 1891 1893 1893 1891 1887 1881 1873 1863 1851 1837 1821 1803 1783 1761 1737 1711 1683 1653 1621 1587 1551 1513 1473 1431 1387 1341 1293 1243 1191 1137 1081 1023 963 901 837 771 703 633 561 487 411 333 253 171 87 1 88 175 262 349 436 523 610 697 784 871 958 1045 1132 
88 173 256 337 416 493 568 641 712 781 848 913 976 1037 1096 1153 1208 1261 1312 1361 1408 1453 1496 1537 1576 1613 1648 1681 1712 1741 1768 1793 1816 1837 1856 1873 1888 1901 1912 1921 1928 1933 1936 1937 1936 1933 1928 1921 1912 1901 1888 1873 1856 1837 1816 1793 1768 1741 1712 1681 1648 1613 1576 1537 1496 1453 1408 1361 1312 1261 1208 1153 1096 1037 976 913 848 781 712 641 568 493 416 337 256 173 88 1 89 177 265 353 441 529 617 705 793 881 969 1057 
89 175 259 341 421 499 575 649 721 791 859 925 989 1051 1111 1169 1225 1279 1331 1381 1429 1475 1519 1561 1601 1639 1675 1709 1741 1771 1799 1825 1849 1871 1891 1909 1925 1939 1951 1961 1969 1975 1979 1981 1981 1979 1975 1969 1961 1951 1939 1925 1909 1891 1871 1849 1825 1799 1771 1741 1709 1675 1639 1601 1561 1519 1475 1429 1381 1331 1279 1225 1169 1111 1051 989 925 859 791 721 649 575 499 421 341 259 175 89 1 90 179 268 357 446 535 624 713 802 891 980 
90 177 262 345 426 505 582 657 730 801 870 937 1002 1065 1126 1185 1242 1297 1350 1401 1450 1497 1542 1585 1626 1665 1702 1737 1770 1801 1830 1857 1882 1905 1926 1945 1962 1977 1990 2001 2010 2017 2022 2025 2026 2025 2022 2017 2010 2001 1990 1977 1962 1945 1926 1905 1882 1857 1830 1801 1770 1737 1702 1665 1626 1585 1542 1497 1450 1401 1350 1297 1242 1185 1126 1065 1002 937 870 801 730 657 582 505 426 345 262 177 90 1 91 181 271 361 451 541 631 721 811 901 
91 179 265 349 431 511 589 665 739 811 881 949 1015 1079 1141 1201 1259 1315 1369 1421 1471 1519 1565 1609 1651 1691 1729 1765 1799 1831 1861 1889 1915 1939 1961 1981 1999 2015 2029 2041 2051 2059 2065 2069 2071 2071 2069 2065 2059 2051 2041 2029 2015 1999 1981 1961 1939 1915 1889 1861 1831 1799 1765 1729 1691 1651 1609 1565 1519 1471 1421 1369 1315 1259 1201 1141 1079 1015 949 881 811 739 665 589 511 431 349 265 179 91 1 92 183 274 365 456 547 638 729 820 
92 181 268 353 436 517 596 673 748 821 892 961 1028 1093 1156 1217 1276 1333 1388 1441 1492 1541 1588 1633 1676 1717 1756 1793 1828 1861 1892 1921 1948 1973 1996 2017 2036 2053 2068 2081 2092 2101 2108 2113 2116 2117 2116 2113 2108 2101 2092 2081 2068 2053 2036 2017 1996 1973 1948 1921 1892 1861 1828 1793 1756 1717 1676 1633 1588 1541 1492 1441 1388 1333 1276 1217 1156 1093 1028 961 892 821 748 673 596 517 436 353 268 181 92 1 93 185 277 369 461 553 645 737 
93 183 271 357 441 523 603 681 757 831 903 973 1041 1107 1171 1233 1293 1351 1407 1461 1513 1563 1611 1657 1701 1743 1783 1821 1857 1891 1923 1953 1981 2007 2031 2053 2073 2091 2107 2121 2133 2143 2151 2157 2161 2163 2163 2161 2157 2151 2143 2133 2121 2107 2091 2073 2053 2031 2007 1981 1953 1923 1891 1857 1821 1783 1743 1701 1657 1611 1563 1513 1461 1407 1351 1293 1233 1171 1107 1041 973 903 831 757 681 603 523 441 357 271 183 93 1 94 187 280 373 466 559 652 
94 185 274 361 446 529 610 689 766 841 914 985 1054 1121 1186 1249 1310 1369 1426 1481 1534 1585 1634 1681 1726 1769 1810 1849 1886 1921 1954 1985 2014 2041 2066 2089 2110 2129 2146 2161 2174 2185 2194 2201 2206 2209 2210 2209 2206 2201 2194 2185 2174 2161 2146 2129 2110 2089 2066 2041 2014 1985 1954 1921 1886 1849 1810 1769 1726 1681 1634 1585 1534 1481 1426 1369 1310 1249 1186 1121 1054 985 914 841 766 689 610 529 446 361 274 185 94 1 95 189 283 377 471 565 
